; Created by PMAC Win32 Driver from:F:\Users\Think\desktop\PMACpro.PMC
;
;F:\Users\Think\desktop\PMACpro.PMC
CLOSE;1
END GATHER;2
DELETE GATHER;3
DELETE TRACE;4
OPEN PROG 11 CLEAR;7
RAPID;8
ABS;9
P3=1  ;10
WHILE(P3=1);11
P1=P1+1;12
IF(P4=0);13
X0Z0;14
END IF;15
END WHILE;16
X0Z0;17
CLOSE;18
OPEN PROG 13 CLEAR;27
LINEAR;28
P3=1;29
P4=0;30
P71=1650;31
P91=340;32
P7=700;33
P8=600;34
P101=0;35
P102=0;36
WHILE(P3=1);37
IF(P4=1);38
P101=0;39
P102=0;40
F(P71);41
TA(P91);42
TS(P91/2);43
Y(P8);44
DWELL0;45
P4=0;46
P101=1;47
F(1300);48
Y0;49
DWELL0;50
COMMAND"ENDG";51
P102=1;52
END IF;53
END WHILE;54
CLOSE;55
OPEN PLC 1 CLEAR;64
I7012=14  ;66
I7013=0;67
I116=400 ;68
I119=2.1   ;69
I120=0    ;70
I121=100  ;71
I122=50           ;72
I123=-5   ;73
I126=830*187.5*16 ;74
I114=-160000 ;75
I190= 1;76
I7022=14;81
I7023=0;82
I219=0.015625;83
I220=0;84
I221=50;85
I223=-5;86
I226=200*137.05*16;87
I214=-30000;88
I7032=14;90
I7033=0;91
I316=100;92
I317=1.3;93
I319=1.3;94
I320=0;95
I321=100;96
I322=90;97
I323=5;98
I326=-15000*16;99
P1=1;101
P100=0 ;102
COMMAND"#1 HM";105
COMMAND"#2 HM";106
COMMAND"#3 HM";107
WHILE (M145=0) OR(M133=0);110
END WHILE;111
WHILE (M245=0) OR(M233=0);113
END WHILE;114
WHILE (M345=0) OR(M333=0);116
END WHILE;117
P1=0;120
P100=1;121
DISABLE PLC1;124
CLOSE;125
OPEN PLC 2 CLEAR;133
I7000=1001;134
I7001=5;135
I7002=3;136
I7003=1746;137
I7016=0;138
I169=1001;139
I10=3421867;140
I7010=3;141
I7012=14  ;143
I7013=0;144
I116=400 ;145
I119=2.1   ;146
I120=0    ;147
I121=100  ;148
I122=50          ;149
I123=-5   ;150
I126=830*187.5*16 ;151
I114=-160000 ;152
I190= 1;153
I7022=14;158
I7023=0;159
I219=0.015625;160
I220=0;161
I221=50;162
I223=-5;163
I226=200*137.05*16;164
I214=-30000;165
I290= 0;167
I7032=14;171
I7033=0;172
I316=100;173
I317=1.3;174
I319=1.3;175
I320=0;176
I321=100;177
I322=90;178
I323=5;179
I326=-15000*16;180
I390= 0;182
I5000=0 ;188
I5001=$8000A5 ;190
I5002=$80008B ;191
I5003=$800125 ;192
I5004=$80010B ;193
I5005=$8001A5 ;194
I5006=$80018B ;195
I5049=10 ;197
I5050=$3F ;198
I5051=0  ;199
P100=0;202
P101=0;203
P102=0;204
P103=0;205
P104=0;206
COMMAND"DEF GAT";208
DISABLE PLC2;209
CLOSE;210
CLOSE
